302.0000000000 82.0000000000 107.5000000000 
321.8904379074 79.9094307346 107.5000000000 
321.8904379074 79.9094307346 92.5000000000 
302.0000000000 82.0000000000 92.5000000000 

302.0000000000 82.0000000000 107.5000000000 
313.7557050458 98.1803398875 107.5000000000 
313.7557050458 98.1803398875 92.5000000000 
302.0000000000 82.0000000000 92.5000000000 

302.0000000000 82.0000000000 107.5000000000 
293.8652671385 100.2709091529 107.5000000000 
293.8652671385 100.2709091529 92.5000000000 
302.0000000000 82.0000000000 92.5000000000 

302.0000000000 82.0000000000 107.5000000000 
282.1095620926 84.0905692654 107.5000000000 
282.1095620926 84.0905692654 92.5000000000 
302.0000000000 82.0000000000 92.5000000000 

302.0000000000 82.0000000000 107.5000000000 
290.2442949542 65.8196601125 107.5000000000 
290.2442949542 65.8196601125 92.5000000000 
302.0000000000 82.0000000000 92.5000000000 

302.0000000000 82.0000000000 107.5000000000 
310.1347328615 63.7290908471 107.5000000000 
310.1347328615 63.7290908471 92.5000000000 
302.0000000000 82.0000000000 92.5000000000 

302.0000000000 82.0000000000 107.5000000000 
321.8904379074 79.9094307346 107.5000000000 
321.8904379074 79.9094307346 92.5000000000 
302.0000000000 82.0000000000 92.5000000000 

